a = [
100, 1;
10055, 1;
10071, 1;
272, 1;
11172, 1;
458, 1;
102, 1;
10038, 1;
10300, 1;
494, 1;
10783, 1;
10035, 1;
299, 1;
10018, 1;
10189, 1;
10082, 1;
136, 1;
591, 1;
113, 1;
11727, 1;
10370, 1;
108, 1;
10696, 1;
488, 1;
579, 1;
10004, 1;
483, 1;
101, 1;
10110, 1;
10812, 1;
10079, 1;
10008, 1;
10340, 1;
10346, 1;
10041, 1;
673, 1;
575, 1;
382, 1;
401, 1;
424, 1;
11332, 1;
11547, 1;
374, 1;
369, 1;
10107, 1;
10970, 1;
10327, 1;
10050, 1;
543, 1;
146, 1;
11799, 1;
694, 1;
10469, 1;
445, 1;
674, 1;
11498, 1;
10405, 1;
541, 1;
572, 1;
151, 1;
160, 1;
490, 1;
11764, 1;
499, 1;
495, 1;
10106, 1;
10019, 1;
11044, 1;
11462, 1;
10127, 1;
105, 1;
111, 1;
10921, 1;
10420, 1;
573, 1;
120, 1;
686, 1;
264, 1;
10929, 1;
10003, 1;
10924, 1;
10222, 1;
10302, 1;
357, 1;
706, 1;
439, 1;
414, 1;
256, 1;
11854, 1;
294, 1;
10305, 1;
11461, 1;
11150, 1;
530, 1;
10424, 1;
10137, 1;
623, 1;
10550, 1;
406, 1;
11636, 1;
10235, 1;
476, 1;
10006, 1;
147, 1;
484, 1;
10474, 1;
10931, 1;
583, 1;
900, 1;
10260, 1;
103, 1;
138, 1;
10252, 1;
10161, 1;
10010, 1;
913, 1;
568, 1;
11185, 1;
11479, 1;
621, 1;
12372, 1;
12289, 1;
350, 1;
10034, 1;
119, 1;
438, 1;
344, 1;
371, 1;
156, 1;
492, 1;
10131, 1;
11805, 1;
713, 1;
10323, 1;
562, 1;
116, 1;
11417, 1;
10066, 1;
441, 1;
324, 1;
10062, 1;
10130, 1;
10098, 1;
10954, 1;
352, 1;
11364, 1;
11559, 1;
11875, 1;
10013, 1;
10324, 1;
477, 1;
10499, 1;
489, 1;
11984, 1;
195, 1;
11942, 1;
167, 1;
624, 1;
10608, 1;
12577, 1;
10220, 1;
10815, 1;
118, 1;
12250, 1;
10192, 1;
11530, 1;
10591, 1;
1124, 1;
514, 1;
305, 1;
107, 1;
11000, 1;
10945, 1;
412, 1;
10432, 1;
112, 1;
10699, 1;
834, 1;
846, 1;
12403, 1;
10684, 1;
446, 1;
11192, 1;
336, 1;
10195, 1;
291, 1;
386, 1;
847, 1;
12015, 1;
10473, 1;
10099, 1;
640, 1;
444, 1;
11057, 1;
200, 1;
417, 1;
443, 1;
10026, 1;
440, 1;
133, 1;
10282, 1;
10070, 1;
612, 1;
532, 1;
459, 1;
10361, 1;
10579, 1;
10935, 1;
10878, 1;
11877, 1;
11340, 1;
408, 1;
524, 1;
558, 1;
10922, 1;
10394, 1;
11292, 1;
10104, 1;
11689, 1;
10789, 1;
11677, 1;
11777, 1;
10341, 1;
1225, 1;
455, 1;
340, 1;
315, 1;
231, 1;
465, 1;
10530, 1;
12149, 1;
10000, 1;
482, 1;
10450, 1;
661, 1;
10209, 1;
12468, 1;
106, 1;
392, 1;
11219, 1;
11388, 1;
536, 1;
537, 1;
10409, 1;
567, 1;
190, 1;
400, 1;
10048, 1;
10338, 1;
10334, 1;
10183, 1;
10258, 1;
729, 1;
12279, 1;
104, 1;
10193, 1;
793, 1;
10168, 1;
11455, 1;
820, 1;
11936, 1;
10196, 1;
10310, 1;
10336, 1;
389, 1;
10487, 1;
409, 1;
10611, 1;
10784, 1;
11715, 1;
594, 1;
10986, 1;
10033, 1;
10226, 1;
10067, 1;
442, 1;
725, 1;
10583, 1;
534, 1;
10152, 1;
478, 1;
10170, 1;
348, 1;
10533, 1;
481, 1;
128, 1;
11059, 1;
10295, 1;
10347, 1;
10465, 1;
821, 1;
10077, 1;
278, 1;
122, 1;
496, 1;
10905, 1;
576, 1;
1585, 1;
11137, 1;
191, 1;
11541, 1;
544, 1;
10074, 1;
11713, 1;
574, 1;
748, 1;
10285, 1;
784, 1;
750, 1;
644, 1;
507, 1;
531, 1;
10494, 1;
10298, 1;
11716, 1;
497, 1;
10042, 1;
10773, 1;
11723, 1;
280, 1;
10943, 1;
10142, 1;
117, 1;
10105, 1;
10190, 1;
10198, 1;
11494, 1;
10515, 1;
378, 1;
10245, 1;
11879, 1;
10267, 1;
11995, 1;
10191, 1;
253, 1;
130, 1;
123, 1;
216, 1;
10344, 1;
355, 1;
10141, 1;
10179, 1;
10194, 1;
10656, 1;
10286, 1;
10219, 1;
343, 1;
993, 1;
639, 1;
260, 1;
11743, 1;
10763, 1;
10020, 1;
11988, 1;
11152, 1;
10664, 1;
679, 1;
10276, 1;
469, 1;
437, 1;
10810, 1;
10714, 1;
124, 1;
10229, 1;
10221, 1;
10139, 1;
10025, 1;
11900, 1;
642, 1;
11934, 1;
457, 1;
11503, 1;
10205, 1;
11614, 1;
10700, 1;
10879, 1;
10523, 1;
498, 1;
297, 1;
10369, 1;
11369, 1;
10633, 1;
10397, 1;
836, 1;
12578, 1;
155, 1;
127, 1;
755, 1;
11631, 1;
423, 1;
10948, 1;
11991, 1;
10281, 1;
154, 1;
10790, 1;
10009, 1;
152, 1;
11428, 1;
10976, 1;
121, 1;
10116, 1;
10940, 1;
539, 1;
12157, 1;
11577, 1;
11151, 1;
540, 1;
11608, 1;
10125, 1;
10703, 1;
10678, 1;
10188, 1;
696, 1;
10491, 1;
271, 1;
11450, 1;
10115, 1;
727, 1;
202, 1;
10299, 1;
353, 1;
300, 1;
12503, 1;
11827, 1;
193, 1;
263, 1;
739, 1;
10242, 1;
11389, 1;
10036, 1;
12502, 1;
11661, 1;
10014, 1;
11650, 1;
516, 1;
12646, 1;
10049, 1;
11849, 1;
11734, 1;
11729, 1;
10182, 1;
10673, 1;
637, 1;
485, 1;
10404, 1;
10102, 1;
140, 1;
10679, 1;
10534, 1;
11244, 1;
10297, 1;
10653, 1;
10701, 1;
10223, 1;
144, 1;
10037, 1;
10069, 1;
796, 1;
429, 1;
311, 1;
10539, 1;
10946, 1;
11233, 1;
10101, 1;
10199, 1;
762, 1;
10200, 1;
10056, 1;
10600, 1;
615, 1;
10080, 1;
10360, 1;
11069, 1;
10963, 1;
383, 1;
10054, 1;
474, 1;
884, 1;
10392, 1;
10315, 1;
10852, 1;
657, 1;
166, 1;
714, 1;
10100, 1;
161, 1;
587, 1;
825, 1;
10176, 1;
10007, 1;
740, 1;
10801, 1;
701, 1;
10363, 1;
10911, 1;
628, 1;
227, 1;
10140, 1;
11470, 1;
10651, 1;
11235, 1;
10496, 1;
394, 1;
699, 1;
902, 1;
555, 1;
170, 1;
10451, 1;
141, 1;
10490, 1;
11054, 1;
201, 1;
11121, 1;
850, 1;
10129, 1;
109, 1;
11401, 1;
12554, 1;
861, 1;
422, 1;
12405, 1;
10622, 1;
10573, 1;
11504, 1;
10739, 1;
11362, 1;
341, 1;
10642, 1;
10078, 1;
636, 1;
924, 1;
11060, 1;
110, 1;
125, 1;
11063, 1;
839, 1;
247, 1;
10167, 1;
11878, 1;
11850, 1;
571, 1;
356, 1;
11039, 1;
10093, 1;
10452, 1;
10489, 1;
10114, 0;
486, 1;
164, 1;
11078, 1;
580, 1;
10891, 1;
10407, 1;
10903, 1;
712, 1;
10162, 1;
11094, 1;
681, 1;
11518, 1;
11586, 1;
11321, 1;
10306, 1;
10132, 1;
10706, 1;
895, 1;
929, 1;
145, 1;
10154, 1;
10044, 1;
10147, 1;
10509, 1;
10589, 1;
10721, 1;
10916, 1;
10279, 1;
1586, 0;
10377, 1;
10330, 1;
11463, 1;
10311, 1;
12459, 0;
11221, 1;
908, 1;
10400, 1;
10303, 1;
12478, 0;
11286, 0;
10925, 1;
114, 1;
948, 1;
11349, 1;
232, 0;
10918, 1;
10635, 0;
153, 1;
10827, 1;
11946, 1;
10427, 1;
608, 1;
10926, 1;
10910, 1;
12626, 0;
871, 0;
10959, 1;
785, 1;
10365, 1;
11747, 1;
10177, 1;
11045, 1;
10422, 1;
115, 1;
548, 1;
10051, 1;
11520, 1;
991, 1;
10551, 1;
10892, 1;
11917, 1;
10128, 1;
10919, 1;
11517, 1;
11475, 0;
10359, 1;
10165, 1;
10391, 0;
11466, 0;
10047, 0;
10112, 1;
10685, 0;
275, 1;
10171, 1;
11953, 0;
11456, 1;
11085, 0;
10249, 1;
10683, 1;
11371, 0;
855, 1;
10616, 1;
10213, 1;
10408, 1;
333, 1;
320, 1;
11526, 1;
11831, 0;
10791, 1;
705, 0;
11015, 1;
11034, 1;
10081, 1;
11111, 0;
11933, 1;
11223, 1;
12527, 1;
10908, 0;
413, 1;
332, 1;
10646, 0;
10502, 1;
11080, 0;
10271, 1;
880, 1;
450, 1;
12342, 0;
10803, 0;
10443, 1;
129, 1;
131, 1;
460, 0;
10057, 1;
326, 1;
10337, 1;
10693, 1;
11588, 0;
11830, 0;
10015, 1;
12602, 1;
10820, 0;
11385, 0;
620, 1;
10293, 1;
384, 1;
301, 0;
10012, 1;
11597, 0;
11679, 0;
11220, 0;
11790, 1;
10667, 1;
325, 1;
331, 1;
11242, 1;
10800, 1;
12019, 0;
10150, 0;
11624, 1;
1203, 0;
10061, 1;
11838, 0;
10090, 1;
12243, 0;
11703, 0;
10928, 1;
10002, 0;
10849, 0;
436, 0;
10158, 1;
627, 1;
542, 1;
208, 1;
843, 1;
11687, 0;
10557, 1;
377, 1;
10301, 1;
11005, 0;
10507, 1;
218, 0;
10994, 1;
11040, 1;
10819, 1;
12611, 0;
10814, 0;
990, 1;
11342, 0;
10508, 0;
270, 0;
11384, 0;
1260, 0;
11565, 0;
11110, 1;
10304, 1;
466, 0;
10719, 0;
10780, 0;
11824, 0;
10842, 0;
11495, 1;
435, 1;
10375, 0;
11413, 0;
213, 0;
10364, 1;
10065, 0;
11407, 0;
188, 1;
10519, 1;
619, 0;
11360, 0;
12700, 0;
10566, 1;
700, 1;
599, 1;
11228, 0;
914, 1;
10991, 0;
402, 1;
471, 1;
12032, 0;
10453, 1;
454, 0;
11572, 0;
12531, 0;
337, 0;
526, 1;
11136, 1;
10063, 0;
634, 0;
10806, 1;
1237, 0;
12704, 0;
462, 0;
10895, 0;
11300, 0;
10023, 0;
787, 1;
590, 1;
10785, 0;
11231, 0;
10617, 0;
11507, 0;
10212, 0;
616, 0;
1230, 0;
550, 1;
11733, 0;
259, 1;
10880, 1;
10313, 1;
12086, 0;
10920, 0;
12541, 0;
306, 0;
11512, 0;
12592, 0;
410, 1;
327, 1;
11728, 0;
10092, 1;
196, 1;
10702, 1;
630, 0;
941, 0;
12455, 1;
920, 0;
11074, 0;
10855, 0;
10720, 1;
10415, 0;
11549, 0;
10718, 0;
10901, 1;
584, 0;
11068, 1;
11396, 0;
11062, 0;
10862, 0;
11173, 1;
11909, 0;
10261, 0;
12356, 0;
10670, 1;
126, 1;
11616, 0;
10930, 0;
11448, 0;
11839, 0;
11003, 1;
10088, 0;
10278, 0;
10881, 0;
10680, 0;
602, 1;
12696, 0;
12532, 0;
11239, 1;
11001, 0;
10602, 0;
10480, 0;
10387, 1;
10689, 0;
12210, 0;
556, 0;
11313, 0;
10503, 0;
10374, 0;
763, 0;
641, 0;
11352, 1;
501, 0;
362, 0;
10227, 0;
872, 1;
11222, 0;
10912, 0;
11115, 0;
10738, 1;
10717, 1;
10029, 1;
10440, 0;
737, 0;
10250, 1;
